a1: 	0.323e-4 	0.323e-4
a2: 	4897.1 		4897.1
a3: 	55640.3 	55640.3
a4: 	7.44e-11 	7.44e-11
a5: 	169886.0 	169886.0
a6: 	2.55925 	2.55925
a7: 	0.199877 	0.199877
a8: 	0.363595 	0.363595
a9: 	0.032369 	0.032369